T Z1 Z2
5.000000000000001 86.49753459955517 13.336406211197929
5.052173012077864 84.98546905961068 14.860618258931233
5.104890428793583 83.34612601209226 16.511347082521564
5.158157930793108 81.57798704323427 18.290162049665142
5.2119812579976665 79.68120470293658 20.196956038275097
5.266366210222289 77.65779888573734 22.22974958355368
5.321318647800765 75.5118093810333 24.384538860993324
5.376844492217138 73.24938890731633 26.655203194221343
5.432949726743788 70.87882388778466 29.03348482598566
5.489640397086153 68.41047371734251 31.509050194548788
5.546922612034214 65.8566241374931 34.06963708836777
5.604802544120741 63.231256205652286 36.701286179884285
5.6632864302864325 60.549738649576945 39.38864913424366
5.7223805725519785 57.8284574362376 42.11535945067232
5.782091338697156 55.08440143304264 44.86444714761317
5.842425162946987 52.33472646972046 47.61877497548445
5.903388546665076 49.596321500288084 50.36147245383259
5.964988059054174 46.885399776639176 53.07634482195519
6.027230337864043 44.217135139761474 55.74823680186955
6.090122090106732 41.60535913605663 58.3633354747095
6.153670092779292 39.06232927740101 60.90940196317476
6.217881193594046 36.598573055066225 63.37592732272588
6.282762311716466 34.222806918143675 65.75421344405886
6.348320438510772 31.941973533841235 68.03733561645043
6.414562638293286 29.761872138640527 70.21951153537994
6.481496049093663 27.686992050259512 72.29626801057947
6.549127883424062 25.720146575817182 74.26480740487091
6.617465429056333 23.86260375275932 76.12387678083041
6.6865160498073335 22.11425343364085 77.87360071328209
6.756287186332418 20.4737893824676 79.5152991122177
6.826786356927227 18.93889652286823 81.051299916509
6.898021158337818 17.506435205007065 82.48475479072525
6.969999266579282 16.1726162108281 83.81946410365708
7.04272843776287 14.933162021072368 85.05971566262906
7.116216508931773 13.783451500774605 86.21014004407162
7.190471398905612 12.718646550744841 87.27558396993173
7.265501109133739 11.733800390692638 88.26100206145084
7.341313724557452 10.823947986405273 89.17136645531687
7.417917414481196 9.984179731113349 90.01159316978513
7.495320433452862 9.209699874314568 90.78648372557204
7.573531122153261 8.495871399395586 91.50068031860566
7.652557908294896 7.838249123799292 92.1586327696423
7.7324093075301 7.232602768413435 92.76457550313016
7.8130939243686495 6.67493164740647 93.32251290341311
7.894620453104963 6.161472491388299 93.83621153493596
7.976997678754964 5.68870549901308 94.30919412780743
8.060234478002718 5.253450330804372 94.74464353828083
8.144339820156967 4.852844033995556 95.1454248803913
8.229322768117624 4.484207442527359 95.51421926587184
8.315192479352351 4.145035577241658 95.85353342792341
8.401958206883354 3.832993212154065 96.16570417177897
8.48962930028444 3.5459090234142177 96.4529042415904
8.578215206688505 3.2817687110264497 96.7171492135073
8.667725471805518 3.0387074182919847 96.96030508996448
8.758169740951143 2.815001715975641 97.18409632817978
8.849557760086068 2.6090613674120795 97.39011408667254
8.941899376866212 2.4194210468777593 97.57982451751684
9.03520454170387 2.244732146087264 97.75457696952043
9.129483308839927 2.0837547720652925 97.91561199913527
9.224745837427278 1.9353500132751773 98.06406911227839
9.321002392625541 1.798472529125363 98.20099418200347
9.41826334670719 1.6721635002200226 98.32734650471767
9.51653918017524 1.5555439624066532 98.44400547195072
9.615840482892592 1.447808536280026 98.55177684607371
9.716177955223143 1.3482195548680722 98.65139863729615
9.81756240918485 1.2561015853393172 98.74354658615239
9.920004769614767 1.170836335379475 98.82883926087675
10.023516075346283 1.091858077066244 98.90784263680632
10.128107480398622 1.018662339576274 98.9810613999903
10.23379025517877 0.950808704996871 99.04893615096381
10.340575787695922 0.8878923719796485 99.11187185639548
10.448475584788627 0.8295390222102754 99.1702429854464
10.557501273364714 0.775402641528544 99.2243956898962
10.667664601654177 0.7251634735420824 99.27464985167475
10.778977440475117 0.678526101639163 99.32130100190079
10.891451784512908 0.635217654684019 99.36462211615083
11.00509975361268 0.594986131234059 99.40486529112528
11.119933594085344 0.5575988368254251 99.44226330817133
11.235965680027196 0.5228409287027191 99.47703108929271
11.3532085146533 0.4905140622982194 99.5093670513461
11.4716747316448 0.4604351337767716 99.5394543641134
11.591377096510286 0.43243511303727983 99.56746211786351
11.712328507961352 0.40635796168655886 99.59354640589224
11.834541999302505 0.3820596306650292 99.6178513273651
11.958030739835625 0.3594071323961873 99.64050991559486
12.082808036279005 0.3382776825440297 99.66164499667308
12.208887334201263 0.3185579066897359 99.68136998314756
12.336282219470174 0.30014310747328926 99.69978960720341
12.465006419716644 0.2829365879844439 99.71700059756546
12.595073805813948 0.266849028144703 99.73309230338316
12.726498393372411 0.2517988804295543 99.7481462984079
12.859294344249676 0.23771349658170643 99.76223525393752
12.993475968076744 0.22452591655514365 99.77542615106164
13.12905772379993 0.2121739163601851 99.78778123316907
13.266054221238887 0.20059967033762274 99.79935834380318
13.404480222660943 0.18974943680889528 99.81021124113089
13.544350644371818 0.1795732656200613 99.82038989050888
13.685680558322943 0.17002472617489012 99.82994073655189
13.828485193735576 0.16106065462889563 99.83890695603222
13.97277993874184 0.15264091899057228 99.84732869286461
14.11858034204291 0.14472820094884145 99.8552432763583
14.265902114584447 0.13728779331581617 99.8626854238472
14.414761131249612 0.13028741204180858 99.86968742874228
14.565173432569654 0.12369702182447895 99.8762793349843
14.71715522645238 0.11748867439630689 99.88248909881334
14.870722889928679 0.11163635863407381 99.88834273871174
15.02589297091724 0.10611586169057093 99.89386447432067
15.182682190007709 0.10090464040252754 99.89907685507646
15.341107442262436 0.095981702279622 99.90400087926234
15.501185799037028 0.09132749542751084 99.90865610412303
15.6629345098199 0.08692380680302937 99.9130607476437
15.826371004091024 0.08275366824223765 99.91723178255381
15.991512893200062 0.07880168933732493 99.92118460340168
16.158377972264116 0.07505556654570417 99.9249315171864
16.32698422208524 0.07150431755306517 99.92848350934412
16.49734981108803 0.06813752988189335 99.931850995287
16.669493097277357 0.06494533282916992 99.93504384847614
16.843432630216586 0.06191837085634745 99.93807142704173
17.01918715302638 0.059047778116409634 99.94094259926565
17.196775604404433 0.05632515408287253 99.94366576796148
17.37621712066621 0.05374254024555677 99.94624889378734
17.55753103780703 0.05129239783810932 99.94869951752659
17.740736893585627 0.048967586562455735 99.95102478137098
17.925854429629474 0.0467613442757269 99.95323144924107
18.112903593562088 0.04466726760557216 99.95532592617778
18.301904541152506 0.04267929346031 99.95731427683874
18.492877638487197 0.04079168140088945 99.95920224313248
18.685843464164645 0.03899899684227371 99.96099526102282
18.880822811512832 0.03729609505254771 99.9626984765352
19.077836690829844 0.03567810591875859 99.96431676099614
19.27690633164788 0.03414041944928079 99.96585472553551
19.47805318502087 0.03267867198330512 99.9673167348818
19.68129892583594 0.03128873307889629 99.96870692047834
19.88666545514908 0.029966693051908723 99.97002919294833
20.09417490254506 0.028708864060669553 99.97128724101238
20.30384962852211 0.02751186658950098 99.97248444499547
20.51571222690131 0.026372552335162953 99.97362395395366
20.729785527261328 0.02528793262881117 99.97470875726358
20.946092597398394 0.024255169978127575 99.97574169308314
21.164656745812014 0.023271570510541236 99.97672545591064
21.385501524216632 0.022334576756609457 99.97766260380381
21.608650730079457 0.02144176076135231 99.97855556527061
21.83412840918481 0.020590817511615653 99.97940664584401
22.061958858225214 0.01977955866787832 99.9802180343521
22.292166627419515 0.019005906589228815 99.98099180889503
22.524776523158337 0.01826788864060012 99.9817299425394
22.759813610677117 0.017563631771717155 99.98243430874109
22.997303216757075 0.016891357357577422 99.98310668650625
23.237270932454305 0.01624937629068619 99.98374876530055
23.479742615857422 0.01563608431566087 99.98436214971598
23.724744394873873 0.015049957597236055 99.98494836390407
23.97230267004547 0.014489548513110679 99.98550885578436
24.222444117393163 0.013953481663511957 99.98604500103592
24.47519569129159 0.013440450089779548 99.98655810687981
24.730584627373567 0.012949211694707533 99.98704941565983
24.988638445464883 0.012478585857826836 99.98752010822815
25.249384952549804 0.012027457563822721 99.98797129981705
25.512852245767405 0.01159488863411335 99.98840392879606
25.779068715439237 0.011180082865276948 99.98881879153868
26.048063048128572 0.010782278827679426 99.98921664963557
26.319864229731564 0.010400745418626461 99.98959823434237
26.594501548600668 0.010034780736628354 99.98996424770571
26.87200459870065 0.009683710986220654 99.99031536365878
27.15240328279753 0.009346889413165466 99.9906522290865
27.435727815680814 0.009023695269819845 99.99097546486048
27.72200872741931 0.008713532810429971 99.99128566684406
28.011276866650967 0.008415830316086078 99.99158340686766
28.303563403907013 0.008130039149050382 99.99186923367476
28.598899834970734 0.007855632836156982 99.99214367383883
28.897317984271442 0.007592106180966583 99.99240723265126
29.19885000831369 0.007338974404357424 99.99266039498133
29.503528399142386 0.007095772313224646 99.9929036261075
29.811385987844012 0.006862053496967998 99.99313737252129
30.122455948084337 0.006637389551449119 99.99336206270351
30.4367717996832 0.006421369330112028 99.99357810787338
30.754367412226408 0.006213598221976459 99.9937859027107
31.075277008715435 0.006013697456231704 99.99398582605147
31.39953516925517 0.005821303433181455 99.99417824155718
31.72717683478014 0.005636067664379743 99.99436349777469
32.058237310819635 0.005457679101525534 99.99454190580592
32.392752271302115 0.005285869312748092 99.99471373413124
32.73075776239929 0.00512038128606648 99.99487923980871
33.07229020641035 0.004960966886285581 99.99503867101744
33.41738640568668 0.004807386565685508 99.9951922673469
33.766083546597585 0.004659409080243023 99.99534026008091
34.11841920353734 0.004516811211493232 99.99548287247582
34.47443134297411 0.00437937749413768 99.99562032003297
34.834158327541004 0.004246899949495816 99.99575281076535
35.19763892017 0.004119177824892868 99.9958805454583
35.564912288268864 0.003996017339076424 99.99600371792413
35.93601800794168 0.0038772314337496647 99.99612251525069
36.31099606825342 0.0037626395313126583 99.99623711804368
36.68988687553906 0.003652067298902592 99.99634770066271
37.07273125775765 0.003545346418830028 99.99645443145093
37.45957046889173 0.003442314365512709 99.99655747295806
37.850446193392735 0.003342814189016101 99.99665698215703
38.24540055067282 0.003246694305320075 99.99675311065377
38.64447609964341 0.003153808293442305 99.99684600488999
39.04771584330129 0.003064014699562257 99.99693580633931
39.4551632333624 0.002977176848305309 99.99702265169586
39.86686217494406 0.0028931627220166968 99.99710667299516
40.28285703129603 0.0028118554906115013 99.99718798708356
40.703192628580965 0.002733164878019318 99.99726668425131
41.12791426070468 0.00265700596459229 99.99734284943148
41.55706769419691 0.002583296062846453 99.99741656532433
41.99069917314289 0.0025119546702688914 99.9974879124447
42.42885542416656 0.0024429034217649196 99.99755696916947
42.87158366146555 0.002376066041816643 99.99762381178545
43.31893159189893 0.002311368296421384 99.99768851453747
43.77094742012778 0.0022487379448775926 99.99775114967657
44.227679853809754 0.0021881046914851627 99.9978117875084
44.68917810884749 0.0021294001372260097 99.99787049644144
45.15549191469203 0.002072557731490233 99.99792734303541
45.626671519701446 0.0020175127239125718 99.99798239204935
46.10276769655547 0.001964202116384671 99.99803570648974
46.58383174772653 0.0019125646153077252 99.99808734765807
47.06991551100799 0.0018625405841519375 99.99813737519855
47.561071365099956 0.001814071996389444 99.99818584714495
48.057352235253454 0.001767102388869223 99.9982328199674
48.558811598973456 0.001721576815704054 99.99827834861844
49.06550349178144 0.001677441802742819 99.9983224865786
49.57748251303808 0.0016346453027028427 99.99836528590123
50.09480383182663 0.0015931366511227004 99.99840679725662
50.61752319289785 0.0015528684066400027 99.99844706809161
51.14569692267677 0.0015138010471403432 99.99848613793321
51.67938193533234 0.0014758974648931336 99.9985240438938
52.21863573891006 0.0014391214015100561 99.99856082223619
52.7635164415292 0.0014034374305846576 99.9985965083911
53.31408275764409 0.0013688109400503252 99.99863113697468
53.870394014371044 0.0013352081142884117 99.99866474180651
54.432510157881254 0.0013025959160196255 99.99869735592763
55.00049175986036 0.00127094206801168 99.99872901161892
55.574400024035484 0.0012402150346376229 99.99875974041947
56.15429679277029 0.0012103840033194362 99.9987895731452
56.740244553728914 0.0011814188658934056 99.99881853990753
57.332306446609444 0.0011532901999343926 99.99884667013185
57.930546269947584 0.0011259692500783262 99.99887399257656
58.535028487991426 0.0010994279093837114 99.9989005353514
59.14581823764784 0.0010736387007751732 99.99892632593613
59.76298133550142 0.0010485747586147826 99.99895139119899
60.38658428490667 0.001024209810449413 99.99897575741494
61.01669428315414 0.0010005181589853923 99.99899945028362
61.6533792287114 0.000977474664346071 99.99902249494723
62.296707728539594 0.0009550547266706594 99.99904491600776
62.946749105486035 0.0009332342691180718 99.9990667375442
63.60357340575459 0.0009119905746784386 99.9990879822755
64.26725140645333 0.0008913065932407353 99.99910866725351
64.93785462322133 0.000871167535048352 99.99912880726953
65.6154553179349 0.000851558854519674 99.9991484168707
66.30012650649432 0.0008324662438264326 99.99916751036628
66.99194196669177 0.0008138756300672853 99.99918610183062
67.69097624616131 0.0007957731722230499 99.99920420510608
68.39730467041198 0.0007781452579036589 99.9992218338064
69.11100335094451 0.0007609784998979459 99.99923900132002
69.83214919345293 0.0007442597325373621 99.99925572081386
70.56081990611158 0.0007279760078860412 99.99927200523702
71.29709400794867 0.0007121145917695388 99.99928786732482
72.04105083730732 0.0006966629596559863 99.99930331960287
72.79277056039469 0.0006816087924038279 99.9993183743914
73.55233417992041 0.0006669399718914383 99.99933304380949
74.31982354382522 0.0006526445765447724 99.99934733977973
75.09532135410063 0.0006387108767807152 99.99936127403264
75.87891117570034 0.0006251273303845337 99.99937485811132
76.67067744554532 0.0006118825778417845 99.99938810337618
77.4707054816222 0.0005989654376460999 99.99940102100953
78.27908149217686 0.0005863649016064229 99.9994136220204
79.09589258500394 0.0005740701301787331 99.99942591724911
79.9212267768333 0.0005620706841389453 99.99943791713558
80.75517300281437 0.000550358848561127 99.99944962939541
81.59782112609953 0.000538928579443651 99.99946106007319
82.44926194752739 0.0005277739167654853 99.99947221512949
83.30958721540725 0.0005168889617027035 99.99948310046366
84.1788896354055 0.0005062678772600518 99.99949372191327
85.05726288053533 0.0004959048887827174 99.99950408525345
85.94480160125056 0.0004857942843489232 99.9995141961966
86.84160143564489 0.0004759304150437781 99.99952406039213
87.74775901975747 0.00046630769511517777 99.99953368342628
88.66337199798612 0.0004569206020125428 99.999543070822
89.58853903360912 0.0004477636763092838 99.99955222803918
90.52335981941694 0.00043883152150998964 99.99956116047474
91.46793508845438 0.0004301188037435861 99.99956987346293
92.42236662487582 0.00042162025134361556 99.99957837227583
93.3867572749127 0.0004133306543171662 99.9995866621238
94.36121095795599 0.0004052448637039639 99.99959474815617
95.34583267775425 0.00039735779082743754 99.99960263546197
96.34072853372832 0.00038966440643960074 99.99961032907078
97.34600573240441 0.00038215973976200645 99.9996178339537
98.3617725989661 0.0003748388774251055 99.99962515502445
99.38813858892729 0.0003676969623086435 99.99963229714044
100.42521429992658 0.00036072918941724725 99.99963926510695
101.473111483645 0.00035393074360482997 99.99964606373943
102.53194305784791 0.0003472968002300503 99.99965269786276
103.6018231185527 0.0003408225842776407 99.99965917225227
104.68286695232328 0.00033450337124115055 99.99966549163263
105.77519104869306 0.00032833448526967536 99.99967166067998
106.87891311271741 0.0003223112972529998 99.99967768402368
107.99415207765716 0.00031642922285292596 99.99968356624827
109.12102811779441 0.0003106837204892834 99.99968931189554
110.25966266138224 0.0003050702892901505 99.99969492546657
111.41017840372892 0.0002995844670169496 99.99970041142383
112.57269932041986 0.0002942218279761221 99.99970577419319
113.74735068067625 0.0002889779809305579 99.99971101816607
114.93425906085382 0.0002838485670252147 99.99971614770153
116.13355235808227 0.0002788292577431313 99.99972116712823
117.34535980404695 0.0002739157529095203 99.99972608074653
118.5698119789145 0.00026910377876370795 99.99973089283036
119.80704082540367 0.0002643890861205188 99.99973560762905
121.05717966300305 0.0002597674486450036 99.99974022936911
122.32036320233703 0.00025523466126663587 99.99974476225573
123.59672755968187 0.00025078653876176265 99.99974921047429
124.88641027163301 0.0002464189145354757 99.99975357819152
126.1895503099256 0.0002421276604904393 99.99975786953567
127.50628809640958 0.0002379099534752759 99.99976208732996
128.83676551818107 0.00023376499230714067 99.99976623237569
130.18112594287166 0.00022969214212125504 99.99977030530778
131.5395142340971 0.00022569075771372875 99.99977430677151
132.91207676706762 0.00022176018404754838 99.99977823742202
134.29896144436003 0.00021789975675857564 99.99978209792371
135.70031771185626 0.0002141088026610714 99.99978588894984
137.1162965748464 0.0002103866402520347 99.999789611182
138.54705061430064 0.00020673258021386922 99.99979326530956
139.9927340033111 0.00020314592591472462 99.99979685202922
141.45350252370469 0.0001996259739059591 99.99980037204452
142.92951358282974 0.00019617201441612386 99.99980382606525
144.42092623051778 0.0001927833318408974 99.99980721480709
145.92790117622198 0.00018945920522839483 99.99981053899107
147.45060080633485 0.00018619890875928584 99.99981379934306
148.98918920168626 0.0001830017122211371 99.99981699659331
150.54383215522438 0.0001798668814764618 99.99982013147604
152.11469718988087 0.00017679367892383302 99.9998232047289
153.7019535766225 0.00017378136395162564 99.99982621709253
155.30577235269138 0.00017082919338370009 99.99982916931019
156.92632634003513 0.00016793642191663963 99.99983206212721
158.5637901639298 0.00016510230228708561 99.99983489629093
160.21834027179688 0.00016232597310557794 99.99983767266278
161.89015495221602 0.00015960628438502846 99.99984039239274
163.57941435413784 0.00015694204211150282 99.99984305667495
165.2863005062955 0.00015433205383140472 99.99984566670184
167.01099733681957 0.00015177512858080552 99.99984822366447
168.75369069305754 0.0001492700767889088 99.99985072875243
170.51456836160014 0.00014681571015606312 99.99985318315407
172.2938200885164 0.00014441084150696639 99.9998555880566
174.0916375998003 0.00014205428461972015 99.99985794464627
175.9082146220302 0.00013974485403164116 99.9998602541086
177.7437469032443 0.00013748136482290169 99.99986251762851
179.59843223403382 0.00013526263237914548 99.99986473639069
181.47247046885613 0.00013308747213461514 99.99986691157973
183.3660635475704 0.00013095469929738223 99.99986904438043
185.27941551719795 0.0001288631285586255 99.99987113597817
187.21273255390958 0.00012681157378814347 99.99987318755909
189.16622298524257 0.00012479884771858074 99.9998752003105
191.14009731254916 0.0001228237616211924 99.99987717542112
193.13456823367946 0.00012088512497632792 99.99987911408157
195.1498506659014 0.00011898174514219509 99.99988101748446
197.18616176905846 0.00011711242702593475 99.99988288682493
199.2437209689714 0.00011527597276141177 99.99988472330085
201.3227499810819 0.00011347129884881555 99.99988652799581
203.42347283434424 0.00011169782556776182 99.99988830148949
205.5461158953657 0.00010995510624106796 99.99989004422861
207.69090789279903 0.00010824269034262361 99.99989175666367
209.85807994198973 0.00010656012358952003 99.99989343924905
212.04786556987986 0.00010490694802785338 99.99989509244264
214.26050074017235 0.00010328270210986647 99.99989671670606
216.49622387875758 0.00010168692076225506 99.99989831250438
218.75527589940523 0.00010011913544542397 99.99989988030616
221.0379002297244 9.857887420358127e-05 99.99990142058338
223.3443428373946 9.706566170554702e-05 99.99990293381137
225.6748522566702 9.557901927617883e-05 99.99990442046881
228.02967961516165 9.411846491837922e-05 99.99990588103775
230.40907866089628 9.268351332568017e-05 99.99990731600346
232.81330578966114 9.127367588543612e-05 99.99990872585461
235.24262007263164 8.988846067270589e-05 99.99991011108311
237.69728328428718 8.852737243498414e-05 99.99991147218424
240.17755993062045 8.718991256796918e-05 99.99991280965662
242.68371727763886 8.587557908263178e-05 99.99991412400226
245.21602538016427 8.458386656394667e-05 99.99991541572656
247.77475711093328 8.331426612167229e-05 99.99991668533845
250.36018819000094 8.206626533372732e-05 99.99991793335032
252.97259721445155 8.083936679767366e-05 99.99991916025962
255.61226568841917 7.963320744672997e-05 99.99992036642944
258.27947805342154 7.84474828644979e-05 99.99992155216417
260.9745217190106 7.72818857657766e-05 99.99992271777111
263.69768709374273 7.613610573797304e-05 99.99992386356071
266.44926761647207 7.500982927062077e-05 99.99992498984646
269.22955978797046 7.390273977845704e-05 99.99992609694498
272.03886320287756 7.281451761791434e-05 99.99992718517588
274.877480581984 7.17448400969583e-05 99.99992825486189
277.74571780485127 7.069338147818683e-05 99.99992930632877
280.64388394277273 6.965981297518857e-05 99.99993033990525
283.572291292078 6.86438027421148e-05 99.99993135592325
286.5312554077838 6.76450158565279e-05 99.99993235471769
289.52109513759893 6.666311429557478e-05 99.99993333662655
292.54213265628096 6.5697756905608e-05 99.99993430199105
295.594693500353 6.474859936540328e-05 99.9999352511555
298.6791066031822 6.381529414318724e-05 99.99993618446742
301.7957043304249 6.289749044774491e-05 99.99993710227763
304.9448225158406 6.199483417393433e-05 99.99993800494022
308.12680049748076 6.11069678430056e-05 99.9999388928127
311.3419811542545 6.0233530538220924e-05 99.99993976625596
314.59071094287583 5.9374157836296866e-05 99.99994062563445
317.8733399351971 5.852848953813862e-05 99.99994147130839
321.19022185593104 5.7696269123565695e-05 99.99994230353427
324.54171412076727 5.6877314999678445e-05 99.99994312249372
327.92817787488593 5.6071444626179115e-05 99.99994392836926
331.3499780318736 5.527847278336058e-05 99.99994472134613
334.80748331304494 5.449821158549027e-05 99.9999455016122
338.30106628717505 5.3730470490378715e-05 99.99994626935805
341.83110341064634 5.297505630503538e-05 99.99994702477684
345.39797506801295 5.2231773187334065e-05 99.99994776806443
349.00206561299154 5.150042264363952e-05 99.99994849941932
352.6437634098767 5.078080352233323e-05 99.99994921904269
356.3234608753901 5.007271200323336e-05 99.99994992713832
360.04155452096563 4.937594158289976e-05 99.99995062391274
363.79844499547664 4.8690283055836416e-05 99.99995130957512
367.59453712840804 4.8015524491656e-05 99.99995198433747
371.43023997347944 4.735145120827531e-05 99.99995264841442
375.30596685272343 4.6697845741251185e-05 99.99995330202346
379.2221354010237 4.605448780940535e-05 99.99995394538486
383.17916761111786 4.542115427693371e-05 99.99995457872176
387.17748987907 4.4797619112217254e-05 99.9999552022602
391.21753305021747 4.418365334362657e-05 99.99995581622916
395.2997324655977 4.357902501265099e-05 99.99995642086058
399.42452800885843 4.298350103718383e-05 99.99995701638757
403.59236415365865 4.239690329704284e-05 99.99995760298825
407.8036900115631 4.1819118168568606e-05 99.99995818077622
412.0589593804372 4.125003358791758e-05 99.99995874986358
416.3586307933471 4.068953533990449e-05 99.99995931036453
420.7031675679679 4.013750706224464e-05 99.99995986239543
425.0930378565117 3.959383024750062e-05 99.99996040607479
429.5287146961724 3.905838424267299e-05 99.9999609415233
434.0106760600989 3.8531046246381346e-05 99.9999614688637
438.53940490889994 3.801169130358836e-05 99.999961988221
443.11538924268615 3.750019229783932e-05 99.99996249972227
447.73912215365533 3.699641994099744e-05 99.99996300349686
452.41110187922624 3.6500242760468025e-05 99.99996349967621
457.1318318557271 3.6011527083921266e-05 99.99996398839399
461.90182077264404 3.5530137021547205e-05 99.9999644697861
466.7215826274357 3.50559344458844e-05 99.99996494399066
471.5916367809198 3.4588778969296796e-05 99.99996541114807
476.5125080132379 3.412852791919396e-05 99.999965871401
481.48472658040345 3.367503631110848e-05 99.99996632489444
486.5088282714407 3.3228156819790505e-05 99.99996677177573
491.58535446611927 3.278773974849653e-05 99.99996721219453
496.7148521932916 3.235363299669283e-05 99.99996764630298
501.89787418983855 3.192568239666698e-05 99.99996807425522
507.1349789602306 3.1503769350753094e-05 99.99996849616987
512.4267308367105 3.108784372205442e-05 99.99996891209707
517.7737000401032 3.0677861543521045e-05 99.99996932208077
523.1764627412617 3.027377743163324e-05 99.99996972616636
528.6356011231529 2.9875544599682585e-05 99.99997012440063
534.1517034435903 2.948311487035833e-05 99.99997051683177
539.725364098625 2.9096438687559224e-05 99.99997090350931
545.3571836865945 2.8715465127353105e-05 99.9999712844842
551.0477690728405 2.8340141908013674e-05 99.99997165980871
556.7977334551039 2.79704153990471e-05 99.99997202953648
562.6076964296 2.760623062914013e-05 99.99997239372249
568.478284057784 2.7247531292948436e-05 99.999972752423
574.410128933814 2.689425975664127e-05 99.99997310569569
580.4038702527162 2.6546357062136964e-05 99.99997345359951
586.4601538792629 2.6203762929938842e-05 99.99997379619475
592.5796324175685 2.5866415760503163e-05 99.99997413354299
598.7629652814121 2.553425263406243e-05 99.99997446570715
605.010818765293 2.520720930882616e-05 99.99997479275147
611.3238661162289 2.488522021749077e-05 99.99997511474157
617.7027876063025 2.4568218461988438e-05 99.99997543174429
624.1482706059653 2.4256135806403052e-05 99.99997574382787
630.6610096581057 2.3948902665832416e-05 99.99997605106192
637.2417065528924 2.3646444256184764e-05 99.99997635352122
643.8910704033929 2.3348672590725405e-05 99.99997665129374
650.6098177219898 2.305549585400758e-05 99.99997694447133
657.398672497587 2.2766820598506188e-05 99.99997723314739
664.2583662736246 2.248255171210723e-05 99.99997751741707
671.1896382269077 2.220259238342176e-05 99.99997779737717
678.1932352472576 2.1926844065021307e-05 99.99997807312624
685.2699120179936 2.1655206434689945e-05 99.9999783447646
692.4204310972559 2.138757735483625e-05 99.9999786123944
699.6455630001751 2.1123852830228262e-05 99.99997887611963
706.9460862819016 2.086392696423937e-05 99.99997913604616
714.3227876214983 2.0607691913848114e-05 99.99997939228187
721.7764619067121 2.0355037843651336e-05 99.99997964493659
729.3079123196275 2.0105852879211253e-05 99.99997989412218
736.9179504232142 1.986002306009315e-05 99.9999801399526
744.6073962487791 1.9617432293006102e-05 99.99998038254397
752.3770783843298 1.9377962305515232e-05 99.99998062201453
760.2278340638605 1.914149260085307e-05 99.99998085848479
768.1605092575696 1.890790041442709e-05 99.99998109207753
776.1759587630162 1.8677060672686514e-05 99.99998132291782
784.2750462972342 1.844884595509799e-05 99.99998155113306
792.4586445898008 1.8223126460051345e-05 99.99998177685306
800.727635476879 1.7999788169079415e-05 99.99998200019186
809.0829099962417 1.7778809197343255e-05 99.99998222117132
817.5253684832871 1.756019715940747e-05 99.99998243978384
826.0559206680548 1.7343959097808483e-05 99.99998265602237
834.6754857732558 1.7130101470963183e-05 99.99998286988044
843.3849926133247 1.6918630156071072e-05 99.99998308135221
852.1853796945054 1.6709550452449242e-05 99.99998329043234
861.0775953159814 1.6502867085293335e-05 99.99998349711612
870.0625976720611 1.6298584209866253e-05 99.99998370139942
879.1413549554294 1.6096705416105086e-05 99.99998390327862
888.3148454614771 1.589723373364747e-05 99.99998410275069
897.5840576937186 1.5700171637266346e-05 99.99998429981316
906.949990470309 1.550552105271346e-05 99.99998449446412
916.4136530316741 1.5313283362960616e-05 99.99998468670218
925.9760651492631 1.512345941483556e-05 99.99998487652648
935.6382572354321 1.4936049526042007e-05 99.99998506393672
945.4012704544832 1.4751053492558727e-05 99.99998524893309
955.2661568348531 1.4568470596408142e-05 99.99998543151631
965.2339793824768 1.4388299613784585e-05 99.9999856116876
975.305812195334 1.4210538823534503e-05 99.99998578944871
985.4827405791896 1.4035186015976763e-05 99.99998596480182
995.7658611645423 1.3862238502052494e-05 99.99998613774963
1006.1562820247947 1.3691691313646593e-05 99.99998630829711
1016.6551227956543 1.3523522532872917e-05 99.99998647646618
1027.2635147957822 1.3357700750437528e-05 99.99998664228822
1037.9826011486998 1.3194193663580189e-05 99.99998680579557
1048.8135369059685 1.3032968149992499e-05 99.99998696702136
1059.7574891716529 1.2873990259805784e-05 99.9999871259995
1070.8156372280846 1.2717225206781026e-05 99.99998728276479
1081.9891726629378 1.2562637358691563e-05 99.99998743735289
1093.27929949763 1.2410190226896785e-05 99.99998758980026
1104.6872343170635 1.2259846455109166e-05 99.99998774014426
1116.2142064007207 1.2111567807365709e-05 99.99998788842314
1127.8614578551274 1.1965315155216187e-05 99.99998803467601
1139.6302437476938 1.1821048464154513e-05 99.99998817894291
1151.5218322419632 1.1678726779321994e-05 99.9999883212648
1163.5375047342598 1.1538308210523833e-05 99.99998846168356
1175.6785559917694 1.1399749916611962e-05 99.99998860024206
1187.9462942920582 1.1263008089290292e-05 99.99998873698408
1200.3420415640487 1.1128037936424375e-05 99.99998887195441
1212.8671335304664 1.0994793664938495e-05 99.99998900519887
1225.522919851772 1.0863228463404893e-05 99.99998913676426
1238.310764271597 1.0733294484444532e-05 99.99998926669839
1251.232044763695 1.0604942827079235e-05 99.99998939505022
1264.2881536804282 1.0478124795849197e-05 99.99998952186844
1277.480497902802 1.0352813166339394e-05 99.99998964718021
1290.8104989920655 1.0228999276903663e-05 99.99998977099426
1304.2795933428947 1.0106674599235222e-05 99.9999898933191
1317.8892323381726 9.985830123132123e-06 99.99999001416373
1331.6408825053857 9.866456355743291e-06 99.99999013353764
1345.536025674652 9.748543320662919e-06 99.99999025145082
1359.576159138398 9.632080556854094e-06 99.99999036791371
1373.7627958126986 9.517057117387782e-06 99.9999904829373
1388.0974644003097 9.403461567980161e-06 99.999990596533
1402.5817095553914 9.291281985312194e-06 99.99999070871269
1417.2170920499561 9.180505955116416e-06 99.99999081948884
1432.0051889420515 9.071120570014213e-06 99.99999092887435
1446.947593745699 8.963112427091314e-06 99.99999103688263
1462.0459166026048 8.856467625194575e-06 99.99999114352754
1477.3017844556646 8.751171761938223e-06 99.99999124882353
1492.7168412242754 8.647209930406463e-06 99.99999135278546
1508.2927479814803 8.544566715539632e-06 99.99999145542878
1524.0311831329586 8.443226190196248e-06 99.99999155676942
1539.9338425978858 8.34317191087878e-06 99.9999916568238
1556.00243999168 8.244386913117523e-06 99.9999917556089
1572.238706810654 8.146853706506274e-06 99.9999918531422
1588.6443926185973 8.050554338491043e-06 99.99999194944166
1605.2212652353014 7.9554733088149e-06 99.99999204452278
1621.9711109270543 7.861598695010912e-06 99.9999921383975
1638.8957345991246 7.76891842683937e-06 99.99999223107785
1655.9969599902442 7.677419995607379e-06 99.99999232257638
1673.2766298691395 7.587090451016241e-06 99.99999241290601
1690.7366062330934 7.4979163977106826e-06 99.99999250208015
1708.3787705085904 7.409883991520706e-06 99.99999259011263
1726.2050237540525 7.322978935383387e-06 99.99999267701777
1744.21728686469 7.237186474940561e-06 99.9999927628103
1762.417500779492 7.15249139380207e-06 99.99999284750545
1780.8076266903734 7.0688780084709055e-06 99.99999293111892
1799.389646253507 6.986330162928954e-06 99.99999301366684
1818.1655618028603 6.904831222880039e-06 99.99999309516585
1837.1373965659595 6.824364069652613e-06 99.99999317563307
1856.3071948819056 6.744911093767929e-06 99.99999325508611
1875.6770224216652 6.666454188180618e-06 99.99999333354307
1895.2489664106604 6.58897474120102e-06 99.99999341102259
1915.0251358536807 6.512453629118148e-06 99.99999348754378
1935.007661762142 6.436871208538513e-06 99.99999356312624
1955.198697383717 6.362207308468401e-06 99.99999363779021
1975.6004184343635 6.2884412221670896e-06 99.99999371155636
1996.2150233327652 6.215551721588106e-06 99.99999378444592
2017.044733437236 6.143521541074199e-06 99.99999385647614
2038.0917932850782 6.072342878514937e-06 99.99999392765487
2059.3584708344497 6.002008922589896e-06 99.99999399798887
2080.8470577087487 5.932512544155057e-06 99.9999940674853
2102.559869443554 5.863846294186291e-06 99.9999941361516
2124.4992457361354 5.796002401567832e-06 99.99999420399554
2146.667550697576 5.728972770719575e-06 99.99999427102523
2169.0671731075167 5.662748979053848e-06 99.99999433724905
2191.7005266715637 5.597322274257672e-06 99.99999440267582
2214.570050281383 5.532683571392048e-06 99.99999446731455
2237.678208277504 5.468823449804605e-06 99.99999453117472
2261.0274907148705 5.4057321498514665e-06 99.99999459426606
2284.6204136311603 5.343399569423538e-06 99.99999465659869
2308.4595193179025 5.2818152602786415e-06 99.99999471818303
2332.547376594429 5.220968424174743e-06 99.9999947790299
2356.8865810846787 5.160847908809652e-06 99.99999483915046
2381.479755496896 5.101442203567031e-06 99.99999489855621
2406.3295499062438 5.042739435074625e-06 99.99999495725902
2431.4386420403594 4.984727362582343e-06 99.99999501527112
2456.8097375679104 4.927393373169034e-06 99.99999507260515
2482.445570390139 4.870724476789966e-06 99.99999512927408
2508.3489029354596 4.814707301240392e-06 99.99999518529128
2534.522526457129 4.759330355517324e-06 99.99999524066826
2560.969261334022 4.70459010559209e-06 99.99999529540855
2587.6919573745454 4.650484696100087e-06 99.999995349514
2614.6934941237237 4.597012076946291e-06 99.99999540298663
2641.9767811734896 4.5441700030480346e-06 99.99999545582874
2669.544758476209 4.491956034045906e-06 99.99999550804274
2697.4003966614846 4.440367533974299e-06 99.99999555963127
2725.546697356255 4.389401670885901e-06 99.99999561059715
2753.986693508245 4.3390554164203805e-06 99.99999566094343
2782.723449712781 4.289325545312398e-06 99.99999571067333
2811.7600625430246 4.240208634827903e-06 99.99999575979027
2841.099660883647 4.1917010641232345e-06 99.99999580829787
2870.7454062679863 4.143799013517297e-06 99.99999585619994
2900.7004932187274 4.096498463669193e-06 99.99999590350052
2930.9681495921204 4.049795194652279e-06 99.99999595020381
2961.5516369258207 4.003684784917118e-06 99.99999599631425
2992.45425079033 3.9581626101337196e-06 99.99999604183644
3023.6793211441177 3.913223841905177e-06 99.99999608677524
3055.2302126924455 3.868863446343641e-06 99.99999613113563
3087.1103252499365 3.82507618250083e-06 99.99999617492293
3119.323094106929 3.7818566006437983e-06 99.99999621814253
3151.871990399649 3.739199040368295e-06 99.9999962608001
3184.760521484249 3.6970974043199142e-06 99.99999630290176
3217.992231314749 3.6555439698291323e-06 99.99999634445523
3251.57070082492 3.614530223942792e-06 99.99999638546899
3285.499548314153 3.5740473932977967e-06 99.99999642595184
3319.782429837355 3.534086440956097e-06 99.9999964659128
3354.4230395989116 3.4946380618773024e-06 99.9999965053612
3389.4251103507627 3.455692678167364e-06 99.9999965443066
3424.7924137946316 3.4172404341076172e-06 99.99999658275885
3460.528760988448 3.3792711909725517e-06 99.99999662072813
3496.6380027570203 3.3417745216446236e-06 99.9999966582248
3533.124030106972 3.304739705039668e-06 99.99999669525964
3569.9907746460444 3.2681557203572076e-06 99.99999673184364
3607.242209006738 3.2320112411758277e-06 99.99999676798814
3644.8823472743957 3.1962946294144775e-06 99.99999680370476
3682.9152454197433 3.1609939291877497e-06 99.99999683900546
3721.3450017359496 3.1260968605852583e-06 99.99999687390255
3760.1757572802426 3.091590813411164e-06 99.99999690840862
3799.411696320137 3.057462840925858e-06 99.99999694253661
3839.057046784314 3.023699653636443e-06 99.9999969762998
3879.116080718211 2.99028761318987e-06 99.99999700971185
3919.5931147443603 2.9572127264296063e-06 99.99999704278675
3960.492510527534 2.924460639683668e-06 99.99999707553884
4001.818675244742 2.892017465129378e-06 99.99999710798203
4043.5760620601345 2.8598783502934926e-06 99.99999714012115
4085.769170604859 2.8280441853502138e-06 99.99999717195533
4128.402547461925 2.79651586321646e-06 99.99999720348367
4171.480786656128 2.7652941879814247e-06 99.99999723470535
4215.008530149084 2.7343798745816457e-06 99.99999726561968
4258.990468339442 2.703773548503001e-06 99.99999729622601
4303.431340568278 2.6734757455094364e-06 99.99999732652383
4348.335935629822 2.6434869113962664e-06 99.99999735651267
4393.709092287467 2.6138074017666605e-06 99.99999738619219
4439.5556997951735 2.5844374818294177e-06 99.99999741556212
4485.880698424326 2.55537732621623e-06 99.99999744462228
4532.689079996075 2.526627018816194e-06 99.99999747337259
4579.985888419242 2.4981865526257168e-06 99.99999750181307
4627.77622023383 2.470055829611266e-06 99.99999752994381
4676.065225160212 2.442234660582997e-06 99.99999755776497
4724.858106654045 2.4147227650761383e-06 99.99999758527689
4774.160122466975 2.3875197712378933e-06 99.99999761247989
4823.9765852131995 2.3606252157173073e-06 99.99999763937446
4874.312862941931 2.334038543554544e-06 99.99999766596113
4925.174379715842 2.3077591080671253e-06 99.99999769224057
4976.566616195541 2.2817861707298615e-06 99.99999771821352
5028.495110230154 2.256118868697226e-06 99.99999774388083
5080.965457454057 2.2307554945095462e-06 99.9999977692442
5133.983311889853 2.2056934769537675e-06 99.99999779430622
5187.554386557609 2.1809300917563646e-06 99.99999781906962
5241.684454090498 2.1564624932203952e-06 99.99999784353723
5296.37934735682 2.1322877130563176e-06 99.99999786771203
5351.644960088539 2.1084026591389147e-06 99.99999789159708
5407.487247516367 2.0848041141875795e-06 99.99999791519562
5463.912227011479 2.061488734367385e-06 99.99999793851102
5520.925978733931 2.0384530478088217e-06 99.99999796154671
5578.534646287825 2.0156934530445284e-06 99.9999979843063
5636.744437383336 1.993206217361519e-06 99.99999800679355
5695.561624505623 1.9709874750682466e-06 99.9999980290123
5754.992545590731 1.949033225675705e-06 99.99999805096654
5815.043604708556 1.9273393319935694e-06 99.99999807266045
5875.721272752908 1.905901518141665e-06 99.99999809409826
5937.032088138807 1.8847153674792397e-06 99.99999811528441
5998.982657507033 1.8637763204538207e-06 99.99999813622348
6061.579656436034 1.843079672374294e-06 99.99999815692013
6124.829830161269 1.8226205711120393e-06 99.99999817737924
6188.739994302047 1.8023940147367132e-06 99.9999981976058
6253.317035595942 1.7823948490935166e-06 99.99999821760497
6318.567912640913 1.762617789678145e-06 99.99999823738203
6384.499656645116 1.7430589977136675e-06 99.99999825694081
6451.119372184568 1.7237170801207624e-06 99.99999827628274
6518.434237968713 1.704590790099252e-06 99.99999829540904
6586.451507613973 1.6856787981720031e-06 99.99999831432103
6655.178510425374 1.6669796915534395e-06 99.99999833302013
6724.622652186326 1.6484919734851264e-06 99.99999835150786
6794.791415956644 1.6302140625357958e-06 99.99999836978577
6865.692362878898 1.6121442918633837e-06 99.99999838785556
6937.333132993173 1.5942809084373628e-06 99.99999840571894
7009.721446060336 1.576622072218863e-06 99.99999842337778
7082.865102393889 1.559165855296796e-06 99.99999844083399
7156.771983700504 1.541910240977701e-06 99.99999845808962
7231.4500539293285 1.5248531228282667e-06 99.99999847514674
7306.9073601301525 1.5079923036682007e-06 99.99999849200756
7383.152033320533 1.4913254945128195e-06 99.99999850867437
7460.192289361959 1.4748503134636613e-06 99.99999852514956
7538.03642984518 1.4585642845467379e-06 99.9999985414356
7616.692842984718 1.4424648364977935e-06 99.99999855753504
7696.170004522801 1.4265493014944515e-06 99.99999857345058
7776.476478642652 1.4108149138354992e-06 99.99999858918497
7857.620918891341 1.3952588085681064e-06 99.99999860474107
7939.612069112259 1.3798780209807998e-06 99.99999862012187
8022.458764387328 1.3646699418027682e-06 99.99999863532996
8106.169931989036 1.349633068532139e-06 99.99999865036682
8190.754592342411 1.334766018963284e-06 99.99999866523387
8276.221859997031 1.3200673390220373e-06 99.99999867993256
8362.580944609172 1.305535502045038e-06 99.9999986944644
8449.841151934212 1.2911689080220096e-06 99.999998708831
8538.01188482939 1.2769658827999853e-06 99.99999872303403
8627.102644267019 1.2629246772476138e-06 99.99999873707523
8717.123030358282 1.2490434663789273e-06 99.99999875095644
8808.082743387702 1.2353203484349948e-06 99.99999876467956
8899.99158485842 1.2217533439232985e-06 99.99999877824656
8992.85945854836 1.2083403946138148e-06 99.99999879165952
9086.696371577444 1.1950793624919905e-06 99.99999880492055
9181.512435485882 1.181968028668312e-06 99.99999881803188
9277.317867323813 1.1690040922453032e-06 99.99999883099584
9374.122990752225 1.1561851691424999e-06 99.99999884381477
9471.938237155404 1.1435087908809111e-06 99.99999885649112
9570.774146764981 1.130972403328878e-06 99.99999886902752
9670.641369795716 1.11857336541134e-06 99.99999888142656
9771.550667593123 1.106308947786163e-06 99.99999889369099
9873.512913793082 1.0941763314905488e-06 99.9999989058236
9976.539095493534 1.0821726065627525e-06 99.99999891782733
10080.640314438437 1.0702952189385351e-06 99.99999892970472
10185.827788213985 1.0585435064573217e-06 99.99999894145643
10292.112851457501 1.046917301632256e-06 99.99999895308264
10399.506957078655 1.0354163962104263e-06 99.99999896458354
10508.021677493763 1.0240405409726955e-06 99.9999989759594
10617.668705872618 1.0127894455441401e-06 99.9999989872105
10728.459857398679 1.0016627781983236e-06 99.99999899833718
10840.407070542054 9.906601656544904e-07 99.99999900933977
10953.522408346136 9.79781192865963e-07 99.99999902021875
11067.818059727304 9.690254027987764e-07 99.99999903097455
11183.306340788442 9.583922961984958e-07 99.99999904160765
11299.999696146135 9.478813313442244e-07 99.99999905211861
11417.9107002715 9.374919237878629e-07 99.99999906250802
11537.052058845358 9.272234460774252e-07 99.9999990727765
11657.436610127163 9.170752274624427e-07 99.99999908292473
11779.077326338593 9.070465535800777e-07 99.9999990929534
11901.98731506121 8.971366661202752e-07 99.99999910286328
12026.179820649075 8.873447624680879e-07 99.99999911265519
12151.66822565572 8.776699953219443e-07 99.99999912232997
12278.466052276397 8.68111472285709e-07 99.9999991318885
12406.586963804995 8.586682554331579e-07 99.99999914133171
12536.04476610654 8.493393608433618e-07 99.99999915066059
12666.85340910467 8.401237269500102e-07 99.99999915987623
12799.026988285032 8.310200069030604e-07 99.99999916897995
12932.579746213956 8.220266915573146e-07 99.99999917797327
13067.526074073401 8.131422155947849e-07 99.99999918685775
13203.8805132115 8.043649572055945e-07 99.999999195635
13341.657756709576 7.956932371601333e-07 99.99999920430672
13480.872650965495 7.871253178385684e-07 99.99999921287466
13621.540197293274 7.786594022180617e-07 99.99999922134056
13763.675553539784 7.702936328182647e-07 99.99999922970633
13907.294035717894 7.620260906061887e-07 99.99999923797388
14052.41111965709 7.53854793862238e-07 99.99999924614518
14199.04244267087 7.457776970091544e-07 99.99999925422229
14347.203805241998 7.377926894066224e-07 99.99999926220728
14496.911172724875 7.298975941147691e-07 99.99999927010238
14648.180677066148 7.220901666303876e-07 99.99999927790981
14801.028618542792 7.143680936004774e-07 99.99999928563187
14955.471467518813 7.067289915185349e-07 99.99999929327097
15111.5258662198 6.991704054100435e-07 99.99999930082957
15269.20863052646 6.916898075144664e-07 99.99999930831017
15428.53675178642 6.842845959719196e-07 99.99999931571539
15589.527398645378 6.769520935244671e-07 99.99999932304789
15752.197918896904 6.696895462426447e-07 99.99999933031043
15916.56584135202 6.624942416310896e-07 99.99999933750574
16082.64887772783 6.553650868694058e-07 99.99999934463489
16250.46492455616 6.483022075295488e-07 99.99999935169778
16420.03206511213 6.413057375851553e-07 99.99999935869424
16591.368571362513 6.343757898757084e-07 99.99999936562419
16764.492905934923 6.275124559745865e-07 99.99999937248752
16939.423724107026 6.20715806059925e-07 99.99999937928416
17116.179875817023 6.139858887877096e-07 99.9999993860141
17294.78040769458 6.073227311667876e-07 99.99999939267724
17475.244565113528 6.007263384354271e-07 99.99999939927363
17657.591794265365 5.941966939385692e-07 99.99999940580328
17841.841744255024 5.877337590056066e-07 99.99999941226622
18028.014269217874 5.813374728279253e-07 99.99999941866251
18216.129430459452 5.750077523356514e-07 99.99999942499224
18406.20749861689 5.687444920731008e-07 99.99999943125549
18598.26895584351 5.625475640721586e-07 99.99999943745242
18792.334498015603 5.564168177230041e-07 99.99999944358316
18988.425036962868 5.503520796416182e-07 99.9999994496479
19186.56170272146 5.443531535331335e-07 99.99999945564683
19386.76584581123 5.38419820050554e-07 99.99999946158017
19589.059039536096 5.325518366479442e-07 99.99999946744815
19793.463082308816 5.267489374274445e-07 99.99999947325105
20000.000000000004 5.210108310975173e-07 99.99999947898915
